14.08
57.6
26.44
82.41
6.46
38.36
43.03
25.58
26.7
79.95
76.22
86.98
54.18
55.51
97.91
6.68
88.35
61.71
62.49
22.78
54.75
94.99
80.39
98.01
22.56
75.53
31.08
45.93
84.23
92.88
98.01
26.65
34.11
28.13
18.22
51.66
17.48
48.14
44.81
34.23
59.02
1.4
84.55
85.24
19.75
76.57
54.1
11.47
65.65
21.17
81.04
99.82
25.47
16.03
10.85
3.97
23.34
79.01
80.36
28.64
71.53
2.6
49.91
50.34
71.02
59.27
22.91
19.14
17.01
67.34
32.99
36.01
18.23
94.54
4.93
89.35
53.79
42.83
1.86
96.64
47.33
90.09
17.94
75.52
13.25
62
9.21
43.76
27.88
63.02
58.3
97.57
66.07
46.67
43.19
69.5
50
43.45
36.3
3.4
